[gd_scene load_steps=54 format=3 uid="uid://b78fqcqmlf850"]

[ext_resource type="Script" uid="uid://02gx6556epcx" path="res://addons/proton_scatter/src/scatter.gd" id="1_4arys"]
[ext_resource type="Script" uid="uid://cijt0tsfkuebm" path="res://scenes/level/level.gd" id="1_xm880"]
[ext_resource type="Script" uid="uid://bxqy10c456vum" path="res://addons/proton_scatter/src/stack/modifier_stack.gd" id="2_6iypd"]
[ext_resource type="Material" uid="uid://dngpqyenfhcef" path="res://shaders/ground/ground2.material" id="3_r732y"]
[ext_resource type="Script" uid="uid://dg7v6ju7f8bjo" path="res://addons/proton_scatter/src/modifiers/base_modifier.gd" id="3_tereu"]
[ext_resource type="Texture2D" uid="uid://c2k45q6swnewq" path="res://textures/base_maze.png" id="3_vfold"]
[ext_resource type="Script" uid="uid://bq15kb8qk5edp" path="res://addons/proton_scatter/src/modifiers/create_inside_grid.gd" id="4_cdqbm"]
[ext_resource type="Script" uid="uid://c8855cuhoq1dh" path="res://addons/proton_scatter/src/modifiers/randomize_transforms.gd" id="5_imku0"]
[ext_resource type="Script" uid="uid://bukqkiw4jmfv3" path="res://addons/proton_scatter/src/scatter_item.gd" id="7_3v7ru"]
[ext_resource type="Script" uid="uid://csws0p4mgth7w" path="res://addons/proton_scatter/src/modifiers/clusterize.gd" id="8_imku0"]
[ext_resource type="Script" uid="uid://dtogghid4plak" path="res://addons/proton_scatter/src/scatter_shape.gd" id="8_tcnuu"]
[ext_resource type="Script" uid="uid://c002frylejmtn" path="res://addons/proton_scatter/src/shapes/box_shape.gd" id="9_tuemg"]
[ext_resource type="PackedScene" uid="uid://cwiu8nsyij4gn" path="res://scenes/player/player.tscn" id="10_6iypd"]
[ext_resource type="PackedScene" uid="uid://bc1qwofowim75" path="res://scenes/luzmala/fire.tscn" id="11_tereu"]
[ext_resource type="Texture2D" uid="uid://bv2bnvyva5eyw" path="res://textures/panorama_image.png" id="13_xm880"]
[ext_resource type="PackedScene" uid="uid://8ay5rlrutcmx" path="res://addons/proton_scatter/demos/assets/large_rock.tscn" id="15_vrc4q"]
[ext_resource type="AudioStream" uid="uid://dh8fs45jrtopk" path="res://sound/751465__borgory__crickets-chirping-in-the-night-at-the-forest-001.wav" id="16_x4oov"]
[ext_resource type="PackedScene" uid="uid://chq4j3c4v2783" path="res://models/light_blue_eastpak-like_backpack.glb" id="18_ss4b2"]
[ext_resource type="PackedScene" uid="uid://dqjsnerwrovob" path="res://scenes/beacon/beacon.tscn" id="18_vfold"]
[ext_resource type="PackedScene" uid="uid://cj2lkdgtpshke" path="res://models/godot_plush_sitted.glb" id="19_qjqsm"]
[ext_resource type="PackedScene" uid="uid://bl1hn0hug8tb6" path="res://models/scarf_dior.glb" id="21_3rml5"]
[ext_resource type="PackedScene" uid="uid://dk1yjpqq8bxmx" path="res://models/tent.glb" id="21_wyi7n"]
[ext_resource type="PackedScene" uid="uid://clvn0v5c6vkg0" path="res://models/cardboard_box.glb" id="22_3rml5"]
[ext_resource type="PackedScene" uid="uid://beq2gk0j7kyo" path="res://models/old_book.glb" id="23_a5iu8"]
[ext_resource type="PackedScene" uid="uid://c2sdemslxsrh0" path="res://models/wasteland_explorer_-_soft_drink_can.glb" id="24_b3up8"]
[ext_resource type="PackedScene" uid="uid://5t3frq8ckqqq" path="res://models/medieval_shovel.glb" id="25_cqqhe"]
[ext_resource type="PackedScene" uid="uid://d2rq71dgmylqo" path="res://models/stuffed_dino_toy.glb" id="26_u5w0m"]
[ext_resource type="ArrayMesh" uid="uid://dr7xd0r2k613m" path="res://models/star_plush.res" id="27_fhw5o"]
[ext_resource type="PackedScene" uid="uid://d0kxag4xbvw8b" path="res://models/crow_toy.glb" id="28_fhw5o"]
[ext_resource type="PackedScene" uid="uid://d07frwr2k71m" path="res://models/old_soccer_ball.glb" id="29_xm880"]
[ext_resource type="AudioStream" uid="uid://y2hw2hdpuvuh" path="res://sound/339818__inspectorj__hand-bells-g-single.wav" id="31_r732y"]

[sub_resource type="PlaneMesh" id="PlaneMesh_noarx"]
material = ExtResource("3_r732y")
size = Vector2(100, 50)
subdivide_width = 800
subdivide_depth = 400

[sub_resource type="BoxShape3D" id="BoxShape3D_vrc4q"]
size = Vector3(100, 1, 50)

[sub_resource type="StandardMaterial3D" id="StandardMaterial3D_r732y"]
shading_mode = 0
albedo_texture = ExtResource("3_vfold")

[sub_resource type="PlaneMesh" id="PlaneMesh_87pmf"]
material = SubResource("StandardMaterial3D_r732y")
size = Vector2(100, 50)
subdivide_width = 800
subdivide_depth = 400

[sub_resource type="Resource" id="Resource_r732y"]
script = ExtResource("4_cdqbm")
spacing = Vector3(0.8, 0.8, 1)
enabled = true
override_global_seed = false
custom_seed = 0
restrict_height = true
reference_frame = 0

[sub_resource type="Resource" id="Resource_87pmf"]
script = ExtResource("5_imku0")
position = Vector3(0, 0, 0)
rotation = Vector3(10, 360, 10)
scale = Vector3(1, 1.2, 1)
enabled = true
override_global_seed = false
custom_seed = 0
restrict_height = false
reference_frame = 0

[sub_resource type="Resource" id="Resource_mf35j"]
script = ExtResource("8_imku0")
mask = "res://textures/base_maze.png"
mask_rotation = 0.0
mask_offset = Vector2(400, 200)
mask_scale = Vector2(1, 1)
pixel_to_unit_ratio = 8.0
remove_below = 0.5
remove_above = 1.0
scale_transforms = false
enabled = true
override_global_seed = false
custom_seed = 0
restrict_height = false
reference_frame = 0

[sub_resource type="Resource" id="Resource_t51ir"]
script = ExtResource("2_6iypd")
stack = Array[ExtResource("3_tereu")]([SubResource("Resource_r732y"), SubResource("Resource_87pmf"), SubResource("Resource_mf35j")])

[sub_resource type="Resource" id="Resource_s0gvp"]
script = ExtResource("9_tuemg")
size = Vector3(100, 1, 50)
metadata/_custom_type_script = "uid://c002frylejmtn"

[sub_resource type="Resource" id="Resource_hfr1v"]
script = ExtResource("4_cdqbm")
spacing = Vector3(1.2, 1.2, 1)
enabled = true
override_global_seed = false
custom_seed = 0
restrict_height = true
reference_frame = 0

[sub_resource type="Resource" id="Resource_7lsmv"]
script = ExtResource("5_imku0")
position = Vector3(0, 0, 0)
rotation = Vector3(10, 360, 10)
scale = Vector3(1, 1.2, 1)
enabled = true
override_global_seed = false
custom_seed = 0
restrict_height = false
reference_frame = 0

[sub_resource type="Resource" id="Resource_bdmju"]
script = ExtResource("8_imku0")
mask = "res://textures/base_maze.png"
mask_rotation = 0.0
mask_offset = Vector2(400, 200)
mask_scale = Vector2(1, 1)
pixel_to_unit_ratio = 8.0
remove_below = 0.5
remove_above = 1.0
scale_transforms = false
enabled = true
override_global_seed = false
custom_seed = 0
restrict_height = false
reference_frame = 0

[sub_resource type="Resource" id="Resource_d6d7a"]
script = ExtResource("2_6iypd")
stack = Array[ExtResource("3_tereu")]([SubResource("Resource_hfr1v"), SubResource("Resource_7lsmv"), SubResource("Resource_bdmju")])

[sub_resource type="Resource" id="Resource_uhw4h"]
script = ExtResource("9_tuemg")
size = Vector3(100, 1, 50)

[sub_resource type="Resource" id="Resource_lilx5"]
script = ExtResource("4_cdqbm")
spacing = Vector3(0.8, 0.8, 1)
enabled = true
override_global_seed = false
custom_seed = 0
restrict_height = true
reference_frame = 0

[sub_resource type="Resource" id="Resource_eipt2"]
script = ExtResource("5_imku0")
position = Vector3(0, 0, 0)
rotation = Vector3(10, 360, 10)
scale = Vector3(1, 1.2, 1)
enabled = true
override_global_seed = false
custom_seed = 0
restrict_height = false
reference_frame = 0

[sub_resource type="Resource" id="Resource_huyqb"]
script = ExtResource("8_imku0")
mask = "res://textures/base_maze.png"
mask_rotation = 0.0
mask_offset = Vector2(400, 200)
mask_scale = Vector2(1, 1)
pixel_to_unit_ratio = 8.0
remove_below = 0.5
remove_above = 1.0
scale_transforms = false
enabled = true
override_global_seed = false
custom_seed = 0
restrict_height = false
reference_frame = 0

[sub_resource type="Resource" id="Resource_wfkuu"]
script = ExtResource("2_6iypd")
stack = Array[ExtResource("3_tereu")]([SubResource("Resource_lilx5"), SubResource("Resource_eipt2"), SubResource("Resource_huyqb")])

[sub_resource type="Resource" id="Resource_4u3nd"]
script = ExtResource("9_tuemg")
size = Vector3(100, 1, 50)

[sub_resource type="PanoramaSkyMaterial" id="PanoramaSkyMaterial_vfold"]
panorama = ExtResource("13_xm880")
energy_multiplier = 0.3

[sub_resource type="Sky" id="Sky_t51ir"]
sky_material = SubResource("PanoramaSkyMaterial_vfold")

[sub_resource type="Environment" id="Environment_6iypd"]
background_mode = 2
sky = SubResource("Sky_t51ir")
tonemap_mode = 2
sdfgi_enabled = true
sdfgi_use_occlusion = true
sdfgi_cascades = 3
sdfgi_y_scale = 0
sdfgi_energy = 3.0
glow_enabled = true
glow_normalized = true
glow_strength = 1.25
glow_bloom = 0.1
glow_blend_mode = 1
fog_enabled = true
fog_light_color = Color(0.273611, 0.147532, 0.347656, 1)
fog_sun_scatter = 0.38
fog_density = 0.06
fog_aerial_perspective = 0.955
fog_sky_affect = 0.371
fog_height = 1.0
fog_height_density = 0.5
volumetric_fog_enabled = true
volumetric_fog_ambient_inject = 16.0
volumetric_fog_sky_affect = 0.096
volumetric_fog_temporal_reprojection_enabled = false
adjustment_enabled = true

[node name="Level" type="Node3D" node_paths=PackedStringArray("beacons", "firespawnpoints")]
script = ExtResource("1_xm880")
beacons = [NodePath("beacon_ball"), NodePath("beacon_godot"), NodePath("beacon_book"), NodePath("beacon_soda_can"), NodePath("beacon_shovel"), NodePath("beacon_box"), NodePath("beacon_handkerchief"), NodePath("beacon_starplush"), NodePath("beacon_tent"), NodePath("beacon_backpack"), NodePath("beacon_bird"), NodePath("beacon_nahuelito")]
beacons_per_vision = Array[int]([4, 2, 2, 4])
firespawnpoints = [NodePath("spawn2"), NodePath("spawn3"), NodePath("spawn4"), NodePath("spawn5")]

[node name="player" parent="." instance=ExtResource("10_6iypd")]
transform = Transform3D(0.14173, 0, 0.989905, 0, 1, 0, -0.989905, 0, 0.14173, -45.5248, 0.2, 21.6672)
sprint_speed = 8.0

[node name="MeshInstance3D" type="MeshInstance3D" parent="."]
mesh = SubResource("PlaneMesh_noarx")

[node name="StaticBody3D" type="StaticBody3D" parent="MeshInstance3D"]

[node name="CollisionShape3D" type="CollisionShape3D" parent="MeshInstance3D/StaticBody3D"]
transform = Transform3D(1, 0, 0, 0, 1, 0, 0, 0, 1, 0, -0.8, 0)
shape = SubResource("BoxShape3D_vrc4q")

[node name="maze_preview" type="MeshInstance3D" parent="."]
mesh = SubResource("PlaneMesh_87pmf")

[node name="Bushes" type="Node3D" parent="."]
script = ExtResource("1_4arys")
global_seed = 3
keep_static_colliders = true
modifier_stack = SubResource("Resource_t51ir")
Performance/use_chunks = true
Performance/chunk_dimensions = Vector3(15, 15, 15)

[node name="Bushes" type="Node3D" parent="Bushes"]
script = ExtResource("7_3v7ru")
proportion = 50
source_scale_multiplier = 0.75
visibility_range_end = 30.0
path = "uid://b8abs8me7ckgo"

[node name="ScatterShape" type="Node3D" parent="Bushes"]
transform = Transform3D(1, 0, 0, 0, 1, 0, 0, 0, 1, 0, -0.203551, 0)
visible = false
script = ExtResource("8_tcnuu")
shape = SubResource("Resource_s0gvp")

[node name="Rocks" type="Node3D" parent="."]
script = ExtResource("1_4arys")
global_seed = 3
keep_static_colliders = true
modifier_stack = SubResource("Resource_d6d7a")
Performance/use_chunks = true
Performance/chunk_dimensions = Vector3(15, 15, 15)

[node name="Rocks" type="Node3D" parent="Rocks"]
script = ExtResource("7_3v7ru")
source_scale_multiplier = 0.5
visibility_range_end = 30.0
path = "uid://bltmr2xgs8nq1"

[node name="ScatterShape" type="Node3D" parent="Rocks"]
transform = Transform3D(1, 0, 0, 0, 1, 0, 0, 0, 1, 0, -0.116315, 0)
visible = false
script = ExtResource("8_tcnuu")
shape = SubResource("Resource_uhw4h")

[node name="Trees" type="Node3D" parent="."]
script = ExtResource("1_4arys")
global_seed = 3
keep_static_colliders = true
modifier_stack = SubResource("Resource_wfkuu")
Performance/use_chunks = true
Performance/chunk_dimensions = Vector3(15, 15, 15)

[node name="Trees" type="Node3D" parent="Trees"]
script = ExtResource("7_3v7ru")
visibility_range_end = 30.0
path = "uid://caqxfqurbp3ku"

[node name="ScatterShape" type="Node3D" parent="Trees"]
transform = Transform3D(1, 0, 0, 0, 1, 0, 0, 0, 1, 0, -0.0193859, 0)
visible = false
script = ExtResource("8_tcnuu")
shape = SubResource("Resource_4u3nd")

[node name="DirectionalLight3D" type="DirectionalLight3D" parent="."]
transform = Transform3D(0.863285, 0.243078, -0.442326, 0.498094, -0.268799, 0.824409, 0.0814991, -0.932019, -0.353126, -3.60171, 38.2331, 2.43836)
light_color = Color(0.819608, 0.929412, 1, 1)
light_energy = 0.01
light_volumetric_fog_energy = 2.8
light_bake_mode = 1
shadow_enabled = true
directional_shadow_mode = 1
directional_shadow_blend_splits = true
directional_shadow_fade_start = 0.9
directional_shadow_max_distance = 30.0

[node name="WorldEnvironment" type="WorldEnvironment" parent="."]
environment = SubResource("Environment_6iypd")

[node name="fire" parent="." instance=ExtResource("11_tereu")]
transform = Transform3D(1, 0, 0, 0, 1, 0, 0, 0, 1, -44.058, 0.6, -2.24305)

[node name="Camera3D" type="Camera3D" parent="."]
transform = Transform3D(0.636536, 0, -0.771247, 0, 1, 0, 0.771247, 0, 0.636536, -45.277, 0.981065, 8.90952)

[node name="large_rock" parent="." instance=ExtResource("15_vrc4q")]
transform = Transform3D(2, 0, 0, 0, 5, 0, 0, 0, 2, -51.1502, 0, 0)

[node name="large_rock2" parent="." instance=ExtResource("15_vrc4q")]
transform = Transform3D(2, 0, 0, 0, 5, 0, 0, 0, 2, -51.1502, 0, -5.26554)

[node name="large_rock3" parent="." instance=ExtResource("15_vrc4q")]
transform = Transform3D(2, 0, 0, 0, 5, 0, 0, 0, 2, -51.1502, 0, -11.5151)

[node name="large_rock4" parent="." instance=ExtResource("15_vrc4q")]
transform = Transform3D(2, 0, 0, 0, 5, 0, 0, 0, 2, -51.1502, 0, -19.1639)

[node name="large_rock5" parent="." instance=ExtResource("15_vrc4q")]
transform = Transform3D(2, 0, 0, 0, 5, 0, 0, 0, 2, -51.1502, 0, 6.0558)

[node name="large_rock6" parent="." instance=ExtResource("15_vrc4q")]
transform = Transform3D(2, 0, 0, 0, 5, 0, 0, 0, 2, -51.1502, 0, 11.8321)

[node name="large_rock7" parent="." instance=ExtResource("15_vrc4q")]
transform = Transform3D(2, 0, 0, 0, 5, 0, 0, 0, 2, -51.1502, 0, 17.3252)

[node name="ambient" type="AudioStreamPlayer" parent="."]
stream = ExtResource("16_x4oov")
autoplay = true
bus = &"Ambience"

[node name="beacon_ball" parent="." instance=ExtResource("18_vfold")]
transform = Transform3D(1, 0, 0, 0, 1, 0, 0, 0, 1, -29.4486, -0.405101, -20.797)

[node name="model" parent="beacon_ball" instance=ExtResource("29_xm880")]

[node name="Camera3D" type="Camera3D" parent="beacon_ball"]
transform = Transform3D(0.873471, -0.00599637, -0.486839, 0.118113, 0.972664, 0.199934, 0.472332, -0.232138, 0.850302, -2.09164, 0.942183, 3.33695)
fov = 32.4

[node name="beacon_godot" parent="." instance=ExtResource("18_vfold")]
transform = Transform3D(1, 0, 0, 0, 1, 0, 0, 0, 1, -20.4728, -0.392371, -6.21851)

[node name="model" parent="beacon_godot" instance=ExtResource("19_qjqsm")]
transform = Transform3D(0.998236, 0.163807, 1.10756, -7.45058e-09, 1.48386, -0.219461, -1.11961, 0.146049, 0.987494, -0.032808, -0.0126323, -0.0742058)

[node name="Camera3D" type="Camera3D" parent="beacon_godot"]
transform = Transform3D(-0.990192, -0.0167651, 0.138708, -0.0145433, 0.999749, 0.017016, -0.138958, 0.0148318, -0.990187, -0.42288, 0.232521, -1.06161)
fov = 50.7

[node name="beacon_book" parent="." instance=ExtResource("18_vfold")]
transform = Transform3D(-0.012313, -0.0927751, 0.0352303, -0.00436664, 0.0359725, 0.0932036, -0.0991429, 0.00993781, -0.00848046, -29.7297, -0.160143, 15.0647)

[node name="model" parent="beacon_book" instance=ExtResource("23_a5iu8")]
transform = Transform3D(1, -7.45058e-09, 1.49012e-08, 7.45058e-09, 1, 9.31323e-10, -7.45058e-09, 9.31323e-10, 1, 0, 0, 0)

[node name="Camera3D" type="Camera3D" parent="beacon_book"]
transform = Transform3D(-5.17323, -0.818102, 8.51871, 7.91888, 3.31666, 5.12748, -3.24485, 9.39843, -1.06794, 6.18659, 8.0351, -1.95877)
fov = 45.0

[node name="beacon_soda_can" parent="." instance=ExtResource("18_vfold")]
transform = Transform3D(1, 0, 0, 0, 1, 0, 0, 0, 1, -16.8438, -0.318322, 8.25857)

[node name="model" parent="beacon_soda_can" instance=ExtResource("24_b3up8")]
transform = Transform3D(0.284076, 0.257493, -0.923579, 0.0315403, 0.960233, 0.277413, 0.958283, -0.107936, 0.264657, 0, 0, 0)

[node name="Camera3D" type="Camera3D" parent="beacon_soda_can"]
transform = Transform3D(0.67559, 0.00262977, -0.737273, 0, 0.999994, 0.00356686, 0.737278, -0.00240973, 0.675586, -0.0766762, 0.0273303, 0.139678)
fov = 50.0

[node name="beacon_shovel" parent="." instance=ExtResource("18_vfold")]
transform = Transform3D(1, 0, 0, 0, 1, 0, 0, 0, 1, 1.96144, -0.377613, 17.3616)

[node name="model" parent="beacon_shovel" instance=ExtResource("25_cqqhe")]
transform = Transform3D(-0.322563, -0.0415213, -0.945637, -0.940282, -0.100708, 0.325158, -0.108734, 0.994049, -0.00655713, 0, 0, 0)

[node name="Camera3D" type="Camera3D" parent="beacon_shovel"]
transform = Transform3D(0.74058, 0.600059, -0.302436, -0.0789762, 0.524683, 0.847625, 0.667309, -0.60385, 0.435961, -0.945058, 2.82561, 1.38883)
fov = 38.1

[node name="beacon_box" parent="." instance=ExtResource("18_vfold")]
transform = Transform3D(1, 0, 0, 0, 1, 0, 0, 0, 1, 0.273804, -0.234731, 3.55654)

[node name="model" parent="beacon_box" instance=ExtResource("22_3rml5")]
transform = Transform3D(-0.826584, 0.0226879, -0.562356, -0.0234376, 0.996933, 0.0746707, 0.562325, 0.0749019, -0.823517, 0, 0, 0)

[node name="Camera3D" type="Camera3D" parent="beacon_box"]
transform = Transform3D(0.826583, -0.0680602, 0.558683, 0.0234376, 0.995962, 0.0866541, -0.562325, -0.0585326, 0.824841, 0.415286, 0.181218, 0.617998)
fov = 45.0

[node name="beacon_handkerchief" parent="." instance=ExtResource("18_vfold")]
transform = Transform3D(1, 0, 0, 0, 1, 0, 0, 0, 1, 5.9959, -0.318412, -11.0161)

[node name="model" parent="beacon_handkerchief" instance=ExtResource("21_3rml5")]
transform = Transform3D(0.848771, -0.115936, -0.515894, 0.506207, -0.103752, 0.856148, -0.152784, -0.987823, -0.0293749, 0, 0, 0)

[node name="Camera3D" type="Camera3D" parent="beacon_handkerchief"]
transform = Transform3D(-0.241922, 0.100403, -0.965087, 0, 0.994631, 0.103476, 0.970295, 0.0250332, -0.240623, -0.705634, 0.186851, -0.0493413)
fov = 54.1

[node name="beacon_starplush" parent="." instance=ExtResource("18_vfold")]
transform = Transform3D(0.001, 0, 0, 0, 0.001, 0, 0, 0, 0.001, 9.64819, -0.198826, -20.4758)

[node name="model" type="MeshInstance3D" parent="beacon_starplush"]
transform = Transform3D(-0.814834, 0.239563, 0.527877, 0.0747712, 0.946441, -0.3141, -0.574851, -0.216469, -0.789105, 207.021, 0, -323.426)
mesh = ExtResource("27_fhw5o")
skeleton = NodePath("../..")

[node name="Camera3D" type="Camera3D" parent="beacon_starplush"]
transform = Transform3D(-430508, -11815.6, -902509, 0, 999915, -13090.8, 902587, -5635.68, -430471, -567.928, 88.6653, -216.344)

[node name="beacon_tent" parent="." instance=ExtResource("18_vfold")]
transform = Transform3D(1, 0, 0, 0, 1, 0, 0, 0, 1, 34.1562, -0.792786, -15.9412)

[node name="model" parent="beacon_tent" instance=ExtResource("21_wyi7n")]
transform = Transform3D(-0.462992, -0.0244506, 0.886025, -0.0574778, 0.998344, -0.00248488, -0.884497, -0.0520772, -0.463631, 0, 0.875396, 0)

[node name="Camera3D" type="Camera3D" parent="beacon_tent"]
transform = Transform3D(-0.863841, 0.500481, -0.0574261, 0, 0.113994, 0.993481, 0.503765, 0.85821, -0.0984726, -0.196841, 3.27185, -0.337539)
fov = 100.0

[node name="beacon_backpack" parent="." instance=ExtResource("18_vfold")]
transform = Transform3D(-0.959658, 0, -0.281169, 0, 1, 0, 0.281169, 0, -0.959658, 26.4725, 0, -4.41382)

[node name="model" parent="beacon_backpack" instance=ExtResource("18_ss4b2")]
transform = Transform3D(-0.414799, 0.433584, -0.799966, 0.427578, 0.868935, 0.249259, 0.803194, -0.238656, -0.545824, 0.374897, -0.184463, -0.159483)

[node name="Camera3D" type="Camera3D" parent="beacon_backpack"]
transform = Transform3D(0.687342, 0.0532509, -0.724379, 0, 0.997309, 0.0733147, 0.726334, -0.0503923, 0.685493, -0.495697, -0.00464398, 0.107081)
fov = 54.2

[node name="beacon_bird" parent="." instance=ExtResource("18_vfold")]
transform = Transform3D(1, 0, 0, 0, 1, 0, 0, 0, 1, 27.7233, -0.0312306, 7.07527)

[node name="model" parent="beacon_bird" instance=ExtResource("28_fhw5o")]
transform = Transform3D(-0.865982, -0.077022, -0.494109, 0, 0.988068, -0.154021, 0.500076, -0.133379, -0.855649, 0.249098, 0.115395, -0.147001)

[node name="Camera3D" type="Camera3D" parent="beacon_bird"]
transform = Transform3D(0.826591, 0.0583833, -0.559766, 1.49012e-08, 0.994605, 0.103737, 0.562802, -0.0857481, 0.822132, -0.0309068, 0.0772279, 0.0690567)
fov = 45.0

[node name="beacon_nahuelito" parent="." instance=ExtResource("18_vfold")]
transform = Transform3D(1, 0, 0, 0, 1, 0, 0, 0, 1, 23.3078, -1.45448, 9.621)

[node name="model" parent="beacon_nahuelito" instance=ExtResource("26_u5w0m")]
transform = Transform3D(-0.485359, 0, -0.874315, 0, 1, 0, 0.874315, 0, -0.485359, 0.188643, 1.11815, -0.264167)

[node name="Camera3D" type="Camera3D" parent="beacon_nahuelito"]
transform = Transform3D(-0.815477, 0.199278, 0.543401, 0.020301, 0.948129, -0.317236, -0.578433, -0.247667, -0.777224, 0.356396, 1.18732, -1.42676)
fov = 60.0

[node name="vision_sfx" type="AudioStreamPlayer" parent="."]
stream = ExtResource("31_r732y")
volume_db = -10.0
pitch_scale = 0.5

[node name="spawn2" type="Marker3D" parent="."]
transform = Transform3D(1, 0, 0, 0, 1, 0, 0, 0, 1, -9.79793, 0, 13.5721)

[node name="spawn3" type="Marker3D" parent="."]
transform = Transform3D(1, 0, 0, 0, 1, 0, 0, 0, 1, 12.2459, 0, -0.33457)

[node name="spawn4" type="Marker3D" parent="."]
transform = Transform3D(1, 0, 0, 0, 1, 0, 0, 0, 1, 26.0799, 0, -18.7799)

[node name="spawn5" type="Marker3D" parent="."]
transform = Transform3D(1, 0, 0, 0, 1, 0, 0, 0, 1, 36.7647, 0, 15.074)

[connection signal="state_changed" from="fire" to="." method="_on_fire_state_changed"]
[connection signal="target_reached" from="fire" to="." method="_on_fire_target_reached"]
