[gd_scene load_steps=83 format=3 uid="uid://b78fqcqmlf850"]

[ext_resource type="Script" uid="uid://02gx6556epcx" path="res://addons/proton_scatter/src/scatter.gd" id="1_4arys"]
[ext_resource type="Script" uid="uid://cijt0tsfkuebm" path="res://scenes/level/level.gd" id="1_xm880"]
[ext_resource type="Script" uid="uid://bxqy10c456vum" path="res://addons/proton_scatter/src/stack/modifier_stack.gd" id="2_6iypd"]
[ext_resource type="Script" uid="uid://byn8n2xw8wiwm" path="res://scenes/level/checkpoint.gd" id="2_87pmf"]
[ext_resource type="Material" uid="uid://dngpqyenfhcef" path="res://shaders/ground/ground2.material" id="3_r732y"]
[ext_resource type="Script" uid="uid://dg7v6ju7f8bjo" path="res://addons/proton_scatter/src/modifiers/base_modifier.gd" id="3_tereu"]
[ext_resource type="Texture2D" uid="uid://c2k45q6swnewq" path="res://textures/base_maze.png" id="3_vfold"]
[ext_resource type="Script" uid="uid://bq15kb8qk5edp" path="res://addons/proton_scatter/src/modifiers/create_inside_grid.gd" id="4_cdqbm"]
[ext_resource type="Script" uid="uid://c8855cuhoq1dh" path="res://addons/proton_scatter/src/modifiers/randomize_transforms.gd" id="5_imku0"]
[ext_resource type="Script" uid="uid://bukqkiw4jmfv3" path="res://addons/proton_scatter/src/scatter_item.gd" id="7_3v7ru"]
[ext_resource type="Script" uid="uid://csws0p4mgth7w" path="res://addons/proton_scatter/src/modifiers/clusterize.gd" id="8_imku0"]
[ext_resource type="Script" uid="uid://dtogghid4plak" path="res://addons/proton_scatter/src/scatter_shape.gd" id="8_tcnuu"]
[ext_resource type="Script" uid="uid://c002frylejmtn" path="res://addons/proton_scatter/src/shapes/box_shape.gd" id="9_tuemg"]
[ext_resource type="PackedScene" uid="uid://cwiu8nsyij4gn" path="res://scenes/player/player.tscn" id="10_6iypd"]
[ext_resource type="PackedScene" uid="uid://bc1qwofowim75" path="res://scenes/luzmala/fire.tscn" id="11_tereu"]
[ext_resource type="Texture2D" uid="uid://bv2bnvyva5eyw" path="res://textures/panorama_image.png" id="13_xm880"]
[ext_resource type="Material" uid="uid://c7mw5tryqfggw" path="res://addons/proton_scatter/demos/assets/materials/m_water.tres" id="16_7lsmv"]
[ext_resource type="AudioStream" uid="uid://dh8fs45jrtopk" path="res://sound/751465__borgory__crickets-chirping-in-the-night-at-the-forest-001.wav" id="16_x4oov"]
[ext_resource type="PackedScene" uid="uid://chq4j3c4v2783" path="res://models/light_blue_eastpak-like_backpack.glb" id="18_ss4b2"]
[ext_resource type="PackedScene" uid="uid://dqjsnerwrovob" path="res://scenes/beacon/beacon.tscn" id="18_vfold"]
[ext_resource type="AudioStream" uid="uid://ucp5v7yvplxm" path="res://sound/567251__iwanplays__stones-falling.wav" id="19_bdmju"]
[ext_resource type="AudioStream" uid="uid://d2nxypbvnsbq3" path="res://sound/260186__splicesound__young-boy-frightened-breathing.wav" id="19_d6d7a"]
[ext_resource type="PackedScene" uid="uid://cj2lkdgtpshke" path="res://models/godot_plush_sitted.glb" id="19_qjqsm"]
[ext_resource type="PackedScene" uid="uid://bl1hn0hug8tb6" path="res://models/scarf_dior.glb" id="21_3rml5"]
[ext_resource type="PackedScene" uid="uid://dk1yjpqq8bxmx" path="res://models/tent.glb" id="21_wyi7n"]
[ext_resource type="PackedScene" uid="uid://clvn0v5c6vkg0" path="res://models/cardboard_box.glb" id="22_3rml5"]
[ext_resource type="PackedScene" uid="uid://beq2gk0j7kyo" path="res://models/old_book.glb" id="23_a5iu8"]
[ext_resource type="PackedScene" uid="uid://c2sdemslxsrh0" path="res://models/wasteland_explorer_-_soft_drink_can.glb" id="24_b3up8"]
[ext_resource type="PackedScene" uid="uid://5t3frq8ckqqq" path="res://models/medieval_shovel.glb" id="25_cqqhe"]
[ext_resource type="PackedScene" uid="uid://d2rq71dgmylqo" path="res://models/stuffed_dino_toy.glb" id="26_u5w0m"]
[ext_resource type="ArrayMesh" uid="uid://dr7xd0r2k613m" path="res://models/star_plush.res" id="27_fhw5o"]
[ext_resource type="PackedScene" uid="uid://d0kxag4xbvw8b" path="res://models/crow_toy.glb" id="28_fhw5o"]
[ext_resource type="PackedScene" uid="uid://d07frwr2k71m" path="res://models/old_soccer_ball.glb" id="29_xm880"]
[ext_resource type="AudioStream" uid="uid://y2hw2hdpuvuh" path="res://sound/339818__inspectorj__hand-bells-g-single.wav" id="31_r732y"]
[ext_resource type="Script" uid="uid://c35bsmt8876kq" path="res://scenes/level/ui.gd" id="33_hfr1v"]
[ext_resource type="Script" uid="uid://dbo83n5uwcb2q" path="res://scenes/level/debug_map.gd" id="33_mf35j"]
[ext_resource type="FontFile" uid="uid://cvtjdlwe8ly7" path="res://fonts/Special_Elite/SpecialElite-Regular.ttf" id="34_t51ir"]
[ext_resource type="PackedScene" uid="uid://cu3724g5fsuiv" path="res://scenes/end/end_ui.tscn" id="36_7lsmv"]
[ext_resource type="AudioStream" uid="uid://ddo4gmdpre4cc" path="res://sound/514299__futuretechman__body-falling-on-rug.mp3" id="38_uhw4h"]

[sub_resource type="Resource" id="Resource_mf35j"]
script = ExtResource("2_87pmf")
beacons = Array[NodePath]([NodePath("beacon_ball"), NodePath("beacon_godot"), NodePath("beacon_book"), NodePath("beacon_soda_can")])
spawn_point = NodePath("spawn1")
despawn_point = NodePath("despawn1")
metadata/_custom_type_script = "uid://byn8n2xw8wiwm"

[sub_resource type="Resource" id="Resource_87pmf"]
script = ExtResource("2_87pmf")
beacons = Array[NodePath]([NodePath("beacon_shovel"), NodePath("beacon_box")])
spawn_point = NodePath("spawn2")
despawn_point = NodePath("despawn2")
metadata/_custom_type_script = "uid://byn8n2xw8wiwm"

[sub_resource type="Resource" id="Resource_eim2y"]
script = ExtResource("2_87pmf")
beacons = Array[NodePath]([NodePath("beacon_handkerchief"), NodePath("beacon_starplush")])
spawn_point = NodePath("spawn3")
despawn_point = NodePath("despawn3")
metadata/_custom_type_script = "uid://byn8n2xw8wiwm"

[sub_resource type="Resource" id="Resource_gjaaf"]
script = ExtResource("2_87pmf")
beacons = Array[NodePath]([NodePath("beacon_tent"), NodePath("beacon_backpack"), NodePath("beacon_bird"), NodePath("beacon_nahuelito")])
spawn_point = NodePath("spawn4")
despawn_point = NodePath("despawn4")
metadata/_custom_type_script = "uid://byn8n2xw8wiwm"

[sub_resource type="Resource" id="Resource_mhi84"]
script = ExtResource("2_87pmf")
beacons = Array[NodePath]([])
spawn_point = NodePath("spawn5")
despawn_point = NodePath("despawn5")
metadata/_custom_type_script = "uid://byn8n2xw8wiwm"

[sub_resource type="PlaneMesh" id="PlaneMesh_noarx"]
material = ExtResource("3_r732y")
size = Vector2(110, 60)
subdivide_width = 800
subdivide_depth = 400

[sub_resource type="BoxShape3D" id="BoxShape3D_vrc4q"]
size = Vector3(100, 1, 50)

[sub_resource type="StandardMaterial3D" id="StandardMaterial3D_r732y"]
shading_mode = 0
albedo_texture = ExtResource("3_vfold")

[sub_resource type="PlaneMesh" id="PlaneMesh_87pmf"]
material = SubResource("StandardMaterial3D_r732y")
size = Vector2(100, 50)
subdivide_width = 800
subdivide_depth = 400

[sub_resource type="Resource" id="Resource_d6d7a"]
script = ExtResource("4_cdqbm")
spacing = Vector3(0.8, 0.8, 1)
enabled = true
override_global_seed = false
custom_seed = 0
restrict_height = true
reference_frame = 0

[sub_resource type="Resource" id="Resource_lilx5"]
script = ExtResource("5_imku0")
position = Vector3(0, 0, 0)
rotation = Vector3(10, 360, 10)
scale = Vector3(1, 1.2, 1)
enabled = true
override_global_seed = false
custom_seed = 0
restrict_height = false
reference_frame = 0

[sub_resource type="Resource" id="Resource_eipt2"]
script = ExtResource("8_imku0")
mask = "res://textures/base_maze.png"
mask_rotation = 0.0
mask_offset = Vector2(400, 200)
mask_scale = Vector2(1, 1)
pixel_to_unit_ratio = 8.0
remove_below = 0.5
remove_above = 1.0
scale_transforms = false
enabled = true
override_global_seed = false
custom_seed = 0
restrict_height = false
reference_frame = 0

[sub_resource type="Resource" id="Resource_huyqb"]
script = ExtResource("2_6iypd")
stack = Array[ExtResource("3_tereu")]([SubResource("Resource_d6d7a"), SubResource("Resource_lilx5"), SubResource("Resource_eipt2")])

[sub_resource type="Resource" id="Resource_s0gvp"]
script = ExtResource("9_tuemg")
size = Vector3(100, 1, 50)
metadata/_custom_type_script = "uid://c002frylejmtn"

[sub_resource type="Resource" id="Resource_wfkuu"]
script = ExtResource("4_cdqbm")
spacing = Vector3(1.2, 1.2, 1)
enabled = true
override_global_seed = false
custom_seed = 0
restrict_height = true
reference_frame = 0

[sub_resource type="Resource" id="Resource_2mgdv"]
script = ExtResource("5_imku0")
position = Vector3(0, 0, 0)
rotation = Vector3(10, 360, 10)
scale = Vector3(1, 1.2, 1)
enabled = true
override_global_seed = false
custom_seed = 0
restrict_height = false
reference_frame = 0

[sub_resource type="Resource" id="Resource_v0tij"]
script = ExtResource("8_imku0")
mask = "res://textures/base_maze.png"
mask_rotation = 0.0
mask_offset = Vector2(400, 200)
mask_scale = Vector2(1, 1)
pixel_to_unit_ratio = 8.0
remove_below = 0.5
remove_above = 1.0
scale_transforms = false
enabled = true
override_global_seed = false
custom_seed = 0
restrict_height = false
reference_frame = 0

[sub_resource type="Resource" id="Resource_cumia"]
script = ExtResource("2_6iypd")
stack = Array[ExtResource("3_tereu")]([SubResource("Resource_wfkuu"), SubResource("Resource_2mgdv"), SubResource("Resource_v0tij")])

[sub_resource type="Resource" id="Resource_uhw4h"]
script = ExtResource("9_tuemg")
size = Vector3(100, 1, 50)

[sub_resource type="Resource" id="Resource_mrtjf"]
script = ExtResource("4_cdqbm")
spacing = Vector3(0.8, 0.8, 1)
enabled = true
override_global_seed = false
custom_seed = 0
restrict_height = true
reference_frame = 0

[sub_resource type="Resource" id="Resource_5fvqx"]
script = ExtResource("5_imku0")
position = Vector3(0, 0, 0)
rotation = Vector3(10, 360, 10)
scale = Vector3(1, 1.2, 1)
enabled = true
override_global_seed = false
custom_seed = 0
restrict_height = false
reference_frame = 0

[sub_resource type="Resource" id="Resource_fpwbr"]
script = ExtResource("8_imku0")
mask = "res://textures/base_maze.png"
mask_rotation = 0.0
mask_offset = Vector2(400, 200)
mask_scale = Vector2(1, 1)
pixel_to_unit_ratio = 8.0
remove_below = 0.5
remove_above = 1.0
scale_transforms = false
enabled = true
override_global_seed = false
custom_seed = 0
restrict_height = false
reference_frame = 0

[sub_resource type="Resource" id="Resource_toxcj"]
script = ExtResource("2_6iypd")
stack = Array[ExtResource("3_tereu")]([SubResource("Resource_mrtjf"), SubResource("Resource_5fvqx"), SubResource("Resource_fpwbr")])

[sub_resource type="Resource" id="Resource_4u3nd"]
script = ExtResource("9_tuemg")
size = Vector3(100, 1, 50)

[sub_resource type="Resource" id="Resource_ckgp1"]
script = ExtResource("4_cdqbm")
spacing = Vector3(5, 0.05, 5)
enabled = true
override_global_seed = false
custom_seed = 0
restrict_height = true
reference_frame = 0

[sub_resource type="Resource" id="Resource_u4xsj"]
script = ExtResource("5_imku0")
position = Vector3(0, 0, 0)
rotation = Vector3(10, 360, 10)
scale = Vector3(1, 3, 1)
enabled = true
override_global_seed = false
custom_seed = 0
restrict_height = false
reference_frame = 0

[sub_resource type="Resource" id="Resource_akdg6"]
script = ExtResource("8_imku0")
mask = "res://textures/base_maze.png"
mask_rotation = 0.0
mask_offset = Vector2(400, 200)
mask_scale = Vector2(1, 1)
pixel_to_unit_ratio = 8.0
remove_below = 0.5
remove_above = 1.0
scale_transforms = false
enabled = true
override_global_seed = false
custom_seed = 0
restrict_height = false
reference_frame = 0

[sub_resource type="Resource" id="Resource_1nn6r"]
script = ExtResource("2_6iypd")
stack = Array[ExtResource("3_tereu")]([SubResource("Resource_ckgp1"), SubResource("Resource_u4xsj"), SubResource("Resource_akdg6")])

[sub_resource type="Resource" id="Resource_bhlam"]
script = ExtResource("9_tuemg")
size = Vector3(10.0996, 7.41777, 76.9)

[sub_resource type="Resource" id="Resource_wwvr3"]
script = ExtResource("9_tuemg")
size = Vector3(9.49757, 7.41777, 79.7725)

[sub_resource type="Resource" id="Resource_ute1y"]
script = ExtResource("9_tuemg")
size = Vector3(112.345, 7.41777, 20.4024)

[sub_resource type="Resource" id="Resource_qafrb"]
script = ExtResource("9_tuemg")
size = Vector3(112.345, 7.41777, 14.2569)

[sub_resource type="PanoramaSkyMaterial" id="PanoramaSkyMaterial_vfold"]
panorama = ExtResource("13_xm880")
energy_multiplier = 0.3

[sub_resource type="Sky" id="Sky_t51ir"]
sky_material = SubResource("PanoramaSkyMaterial_vfold")

[sub_resource type="Environment" id="Environment_6iypd"]
background_mode = 2
sky = SubResource("Sky_t51ir")
tonemap_mode = 2
sdfgi_enabled = true
sdfgi_use_occlusion = true
sdfgi_cascades = 3
sdfgi_y_scale = 0
sdfgi_energy = 3.0
glow_enabled = true
glow_normalized = true
glow_strength = 1.25
glow_bloom = 0.1
glow_blend_mode = 1
fog_enabled = true
fog_light_color = Color(0.273611, 0.147532, 0.347656, 1)
fog_sun_scatter = 0.38
fog_density = 0.06
fog_aerial_perspective = 0.955
fog_sky_affect = 0.371
fog_height = 1.0
fog_height_density = 0.5
volumetric_fog_enabled = true
volumetric_fog_ambient_inject = 16.0
volumetric_fog_sky_affect = 0.096
volumetric_fog_temporal_reprojection_enabled = false
adjustment_enabled = true

[sub_resource type="SphereMesh" id="SphereMesh_7lsmv"]
material = ExtResource("16_7lsmv")
radius = 5.0
height = 0.2
is_hemisphere = true

[sub_resource type="LabelSettings" id="LabelSettings_hfr1v"]
font = ExtResource("34_t51ir")
font_size = 48

[sub_resource type="LabelSettings" id="LabelSettings_7lsmv"]
font = ExtResource("34_t51ir")
font_size = 24

[sub_resource type="SphereShape3D" id="SphereShape3D_t51ir"]
radius = 1.80474

[sub_resource type="Animation" id="Animation_d6d7a"]
length = 0.001
tracks/0/type = "value"
tracks/0/imported = false
tracks/0/enabled = true
tracks/0/path = NodePath("ambient:volume_db")
tracks/0/interp = 1
tracks/0/loop_wrap = true
tracks/0/keys = {
"times": PackedFloat32Array(0),
"transitions": PackedFloat32Array(1),
"update": 0,
"values": [-80.0]
}
tracks/1/type = "value"
tracks/1/imported = false
tracks/1/enabled = true
tracks/1/path = NodePath("heavy_breathing:playing")
tracks/1/interp = 1
tracks/1/loop_wrap = true
tracks/1/keys = {
"times": PackedFloat32Array(0),
"transitions": PackedFloat32Array(1),
"update": 1,
"values": [false]
}
tracks/2/type = "value"
tracks/2/imported = false
tracks/2/enabled = true
tracks/2/path = NodePath("heavy_breathing:volume_db")
tracks/2/interp = 1
tracks/2/loop_wrap = true
tracks/2/keys = {
"times": PackedFloat32Array(0),
"transitions": PackedFloat32Array(1),
"update": 0,
"values": [0.0]
}

[sub_resource type="Animation" id="Animation_uhw4h"]
resource_name = "intro"
length = 7.0
tracks/0/type = "audio"
tracks/0/imported = false
tracks/0/enabled = true
tracks/0/path = NodePath("fall")
tracks/0/interp = 1
tracks/0/loop_wrap = true
tracks/0/keys = {
"clips": [{
"end_offset": 0.0,
"start_offset": 0.0,
"stream": ExtResource("19_bdmju")
}, {
"end_offset": 0.04,
"start_offset": 0.0,
"stream": ExtResource("38_uhw4h")
}],
"times": PackedFloat32Array(0, 2.93333)
}
tracks/0/use_blend = true
tracks/1/type = "method"
tracks/1/imported = false
tracks/1/enabled = true
tracks/1/path = NodePath("UI")
tracks/1/interp = 1
tracks/1/loop_wrap = true
tracks/1/keys = {
"times": PackedFloat32Array(5.96667),
"transitions": PackedFloat32Array(1),
"values": [{
"args": [0.0, 4.0],
"method": &"fade"
}]
}
tracks/2/type = "value"
tracks/2/imported = false
tracks/2/enabled = true
tracks/2/path = NodePath("ambient:volume_db")
tracks/2/interp = 1
tracks/2/loop_wrap = true
tracks/2/keys = {
"times": PackedFloat32Array(0, 6, 7),
"transitions": PackedFloat32Array(0, 1, 1),
"update": 0,
"values": [-80.0, -80.0, 0.0]
}

[sub_resource type="Animation" id="Animation_il1ck"]
resource_name = "heavy_breathing"
length = 10.0
tracks/0/type = "value"
tracks/0/imported = false
tracks/0/enabled = true
tracks/0/path = NodePath("heavy_breathing:playing")
tracks/0/interp = 1
tracks/0/loop_wrap = true
tracks/0/keys = {
"times": PackedFloat32Array(0),
"transitions": PackedFloat32Array(1),
"update": 1,
"values": [true]
}
tracks/1/type = "value"
tracks/1/imported = false
tracks/1/enabled = true
tracks/1/path = NodePath("heavy_breathing:volume_db")
tracks/1/interp = 1
tracks/1/loop_wrap = true
tracks/1/keys = {
"times": PackedFloat32Array(0, 6.16667, 7.43333),
"transitions": PackedFloat32Array(1, 30.91, 1),
"update": 0,
"values": [0.0, 0.0, -80.0]
}

[sub_resource type="AnimationLibrary" id="AnimationLibrary_d6d7a"]
_data = {
&"RESET": SubResource("Animation_d6d7a"),
&"heavy_breathing": SubResource("Animation_il1ck"),
&"intro": SubResource("Animation_uhw4h")
}

[node name="Level" type="Node3D"]
script = ExtResource("1_xm880")
checkpoints = Array[ExtResource("2_87pmf")]([SubResource("Resource_mf35j"), SubResource("Resource_87pmf"), SubResource("Resource_eim2y"), SubResource("Resource_gjaaf"), SubResource("Resource_mhi84")])

[node name="player" parent="." instance=ExtResource("10_6iypd")]
transform = Transform3D(0.14173, 0, 0.989905, 0, 1, 0, -0.989905, 0, 0.14173, -45.5248, 0.2, 21.6672)
collision_layer = 9
sprint_speed = 1.5

[node name="MeshInstance3D" type="MeshInstance3D" parent="."]
mesh = SubResource("PlaneMesh_noarx")

[node name="StaticBody3D" type="StaticBody3D" parent="MeshInstance3D"]

[node name="CollisionShape3D" type="CollisionShape3D" parent="MeshInstance3D/StaticBody3D"]
transform = Transform3D(1, 0, 0, 0, 1, 0, 0, 0, 1, 0, -0.8, 0)
shape = SubResource("BoxShape3D_vrc4q")

[node name="maze_preview" type="MeshInstance3D" parent="."]
visible = false
mesh = SubResource("PlaneMesh_87pmf")

[node name="Bushes" type="Node3D" parent="."]
script = ExtResource("1_4arys")
global_seed = 3
keep_static_colliders = true
modifier_stack = SubResource("Resource_huyqb")
Performance/use_chunks = true
Performance/chunk_dimensions = Vector3(15, 15, 15)

[node name="Bushes" type="Node3D" parent="Bushes"]
script = ExtResource("7_3v7ru")
proportion = 50
source_scale_multiplier = 0.75
visibility_range_end = 30.0
path = "uid://b8abs8me7ckgo"

[node name="ScatterShape" type="Node3D" parent="Bushes"]
transform = Transform3D(1, 0, 0, 0, 1, 0, 0, 0, 1, 0, -0.203551, 0)
visible = false
script = ExtResource("8_tcnuu")
shape = SubResource("Resource_s0gvp")

[node name="Rocks" type="Node3D" parent="."]
script = ExtResource("1_4arys")
global_seed = 3
keep_static_colliders = true
modifier_stack = SubResource("Resource_cumia")
Performance/use_chunks = true
Performance/chunk_dimensions = Vector3(15, 15, 15)

[node name="Rocks" type="Node3D" parent="Rocks"]
script = ExtResource("7_3v7ru")
source_scale_multiplier = 0.5
visibility_range_end = 30.0
path = "uid://bltmr2xgs8nq1"

[node name="ScatterShape" type="Node3D" parent="Rocks"]
transform = Transform3D(1, 0, 0, 0, 1, 0, 0, 0, 1, 0, -0.116315, 0)
visible = false
script = ExtResource("8_tcnuu")
shape = SubResource("Resource_uhw4h")

[node name="Trees" type="Node3D" parent="."]
script = ExtResource("1_4arys")
global_seed = 3
keep_static_colliders = true
modifier_stack = SubResource("Resource_toxcj")
Performance/use_chunks = true
Performance/chunk_dimensions = Vector3(15, 15, 15)

[node name="Trees" type="Node3D" parent="Trees"]
script = ExtResource("7_3v7ru")
visibility_range_end = 30.0
path = "uid://caqxfqurbp3ku"

[node name="ScatterShape" type="Node3D" parent="Trees"]
transform = Transform3D(1, 0, 0, 0, 1, 0, 0, 0, 1, 0, -0.0193859, 0)
visible = false
script = ExtResource("8_tcnuu")
shape = SubResource("Resource_4u3nd")

[node name="Cliff" type="Node3D" parent="."]
script = ExtResource("1_4arys")
global_seed = 3
keep_static_colliders = true
modifier_stack = SubResource("Resource_1nn6r")
Performance/use_chunks = true
Performance/chunk_dimensions = Vector3(15, 15, 15)

[node name="Rocks" type="Node3D" parent="Cliff"]
script = ExtResource("7_3v7ru")
source_scale_multiplier = 2.0
visibility_range_end = 60.0
path = "uid://8ay5rlrutcmx"

[node name="ScatterShape2" type="Node3D" parent="Cliff"]
transform = Transform3D(1, 0, 0, 0, 1, 0, 0, 0, 1, 58.9248, -0.0193859, 0)
script = ExtResource("8_tcnuu")
shape = SubResource("Resource_bhlam")

[node name="ScatterShape3" type="Node3D" parent="Cliff"]
transform = Transform3D(1, 0, 0, 0, 1, 0, 0, 0, 1, -55.1084, -0.0193859, 0)
script = ExtResource("8_tcnuu")
shape = SubResource("Resource_wwvr3")

[node name="ScatterShape4" type="Node3D" parent="Cliff"]
transform = Transform3D(1, 0, 0, 0, 1, 0, 0, 0, 1, 3.52291, -0.0193859, -39.5338)
script = ExtResource("8_tcnuu")
shape = SubResource("Resource_ute1y")

[node name="ScatterShape5" type="Node3D" parent="Cliff"]
transform = Transform3D(1, 0, 0, 0, 1, 0, 0, 0, 1, 3.52291, -0.0193859, 33.7061)
script = ExtResource("8_tcnuu")
shape = SubResource("Resource_qafrb")

[node name="Sun" type="DirectionalLight3D" parent="."]
transform = Transform3D(0.863285, 0.243078, -0.442326, 0.498094, -0.268799, 0.824409, 0.0814991, -0.932019, -0.353126, -3.60171, 38.2331, 2.43836)
light_color = Color(0.819608, 0.929412, 1, 1)
light_energy = 0.01
light_volumetric_fog_energy = 2.8
light_bake_mode = 1
shadow_enabled = true
directional_shadow_mode = 1
directional_shadow_blend_splits = true
directional_shadow_fade_start = 0.9
directional_shadow_max_distance = 30.0

[node name="WorldEnvironment" type="WorldEnvironment" parent="."]
environment = SubResource("Environment_6iypd")

[node name="puddle" type="MeshInstance3D" parent="."]
transform = Transform3D(1, 0, 0, 0, 1, 0, 0, 0, 1, -44.058, -0.452993, -2.243)
visible = false
mesh = SubResource("SphereMesh_7lsmv")
skeleton = NodePath("../fire")

[node name="puddle2" type="MeshInstance3D" parent="."]
transform = Transform3D(1, 0, 0, 0, 1, 0, 0, 0, 1, -49.3696, -0.452993, 23.7741)
visible = false
mesh = SubResource("SphereMesh_7lsmv")
skeleton = NodePath("../fire")

[node name="fire" parent="." instance=ExtResource("11_tereu")]
transform = Transform3D(1, 0, 0, 0, 1, 0, 0, 0, 1, -44.058, 0.6, -2.24305)

[node name="Camera3D" type="Camera3D" parent="."]
transform = Transform3D(0.636536, 0, -0.771247, 0, 1, 0, 0.771247, 0, 0.636536, -45.277, 0.981065, 8.90952)

[node name="ambient" type="AudioStreamPlayer" parent="."]
stream = ExtResource("16_x4oov")
volume_db = -80.0
autoplay = true
bus = &"Ambience"

[node name="fall" type="AudioStreamPlayer" parent="."]
pitch_scale = 1.5
bus = &"Ambience"

[node name="heavy_breathing" type="AudioStreamPlayer" parent="."]
stream = ExtResource("19_d6d7a")
pitch_scale = 1.5
bus = &"Ambience"

[node name="beacon_ball" parent="." instance=ExtResource("18_vfold")]
transform = Transform3D(1, 0, 0, 0, 1, 0, 0, 0, 1, -29.4486, -0.385769, -20.797)

[node name="model" parent="beacon_ball" instance=ExtResource("29_xm880")]
transform = Transform3D(1, 0, 0, 0, 0.9, 0, 0, 0, 1, 0, 0.0327898, 0.019186)

[node name="Camera3D" type="Camera3D" parent="beacon_ball"]
transform = Transform3D(0.873471, -0.00599637, -0.486839, 0.118113, 0.972664, 0.199934, 0.472332, -0.232138, 0.850302, -2.09164, 0.942183, 3.33695)
fov = 32.4

[node name="beacon_godot" parent="." instance=ExtResource("18_vfold")]
transform = Transform3D(1, 0, 0, 0, 1, 0, 0, 0, 1, -20.4728, -0.441681, -6.21851)

[node name="model" parent="beacon_godot" instance=ExtResource("19_qjqsm")]
transform = Transform3D(0.998236, 0.163807, 1.10756, -7.45058e-09, 1.48386, -0.219461, -1.11961, 0.146049, 0.987494, -0.032808, -0.0126323, -0.0742058)

[node name="Camera3D" type="Camera3D" parent="beacon_godot"]
transform = Transform3D(-0.990192, -0.0167651, 0.138708, -0.0145433, 0.999749, 0.017016, -0.138958, 0.0148318, -0.990187, -0.42288, 0.232521, -1.06161)
fov = 50.7

[node name="beacon_book" parent="." instance=ExtResource("18_vfold")]
transform = Transform3D(1, 0, 0, 0, 1, 0, 0, 0, 1, -29.7297, -0.139894, 15.0647)

[node name="model" parent="beacon_book" instance=ExtResource("23_a5iu8")]
transform = Transform3D(-0.012313, -0.0927751, 0.0352303, -0.00436664, 0.0359725, 0.0932036, -0.0991429, 0.00993781, -0.00848046, 0, 0, 0)

[node name="Camera3D" type="Camera3D" parent="beacon_book"]
transform = Transform3D(-0.785294, 0.0334788, -0.618218, 0.00501984, 0.998848, 0.0477148, 0.619103, 0.0343668, -0.784557, -0.89064, 0.0794636, -0.516894)
fov = 45.0

[node name="beacon_soda_can" parent="." instance=ExtResource("18_vfold")]
transform = Transform3D(1, 0, 0, 0, 1, 0, 0, 0, 1, -16.8438, -0.23724, 8.25857)

[node name="model" parent="beacon_soda_can" instance=ExtResource("24_b3up8")]
transform = Transform3D(0.284076, 0.257493, -0.923579, 0.0315403, 0.960233, 0.277413, 0.958283, -0.107936, 0.264657, 0, 0, 0)

[node name="Camera3D" type="Camera3D" parent="beacon_soda_can"]
transform = Transform3D(0.67559, 0.00262977, -0.737273, 0, 0.999994, 0.00356686, 0.737278, -0.00240973, 0.675586, -0.0766762, 0.0273303, 0.139678)
fov = 50.0

[node name="beacon_shovel" parent="." instance=ExtResource("18_vfold")]
transform = Transform3D(1, 0, 0, 0, 1, 0, 0, 0, 1, 1.96144, -0.377613, 17.3616)

[node name="model" parent="beacon_shovel" instance=ExtResource("25_cqqhe")]
transform = Transform3D(-0.322563, -0.0415213, -0.945637, -0.940282, -0.100708, 0.325158, -0.108734, 0.994049, -0.00655713, 0, 0, 0)

[node name="Camera3D" type="Camera3D" parent="beacon_shovel"]
transform = Transform3D(0.74058, 0.600059, -0.302436, -0.0789762, 0.524683, 0.847625, 0.667309, -0.60385, 0.435961, -0.945058, 2.82561, 1.38883)
fov = 38.1

[node name="beacon_box" parent="." instance=ExtResource("18_vfold")]
transform = Transform3D(1, 0, 0, 0, 1, 0, 0, 0, 1, 0.265377, -0.209259, 3.66217)

[node name="model" parent="beacon_box" instance=ExtResource("22_3rml5")]
transform = Transform3D(-0.826584, 0.0226879, -0.562356, -0.0234376, 0.996933, 0.0746707, 0.562325, 0.0749019, -0.823517, 0, 0, 0)

[node name="Camera3D" type="Camera3D" parent="beacon_box"]
transform = Transform3D(0.826583, -0.0680602, 0.558683, 0.0234376, 0.995962, 0.0866541, -0.562325, -0.0585326, 0.824841, 0.415286, 0.181218, 0.617998)
fov = 45.0

[node name="beacon_handkerchief" parent="." instance=ExtResource("18_vfold")]
transform = Transform3D(1, 0, 0, 0, 1, 0, 0, 0, 1, 5.9959, -0.275869, -11.0161)

[node name="model" parent="beacon_handkerchief" instance=ExtResource("21_3rml5")]
transform = Transform3D(0.848771, -0.115936, -0.515894, 0.506207, -0.103752, 0.856148, -0.152784, -0.987823, -0.0293749, 0, 0, 0)

[node name="Camera3D" type="Camera3D" parent="beacon_handkerchief"]
transform = Transform3D(-0.241922, 0.100403, -0.965087, 0, 0.994631, 0.103476, 0.970295, 0.0250332, -0.240623, -0.705634, 0.186851, -0.0493413)
fov = 54.1

[node name="beacon_starplush" parent="." instance=ExtResource("18_vfold")]
transform = Transform3D(1, 0, 0, 0, 1, 0, 0, 0, 1, 9.64819, -0.198826, -20.4503)

[node name="model" type="MeshInstance3D" parent="beacon_starplush"]
transform = Transform3D(-0.000814834, 0.000239563, 0.000527877, 7.47712e-05, 0.000946441, -0.000314099, -0.000574851, -0.000216469, -0.000789105, 0.207021, 0, -0.323425)
mesh = ExtResource("27_fhw5o")
skeleton = NodePath("../..")

[node name="Camera3D" type="Camera3D" parent="beacon_starplush"]
transform = Transform3D(-0.430508, -0.0118156, -0.90251, 0, 0.999914, -0.0130908, 0.902587, -0.00563569, -0.430471, -0.567928, 0.0886653, -0.216345)

[node name="beacon_tent" parent="." instance=ExtResource("18_vfold")]
transform = Transform3D(0.983159, 0, 0.18275, 0, 1, 0, -0.18275, 0, 0.983159, 35.9264, -0.792786, -13.7376)

[node name="model" parent="beacon_tent" instance=ExtResource("21_wyi7n")]
transform = Transform3D(-0.462992, -0.0244506, 0.886025, -0.0574778, 0.998344, -0.00248488, -0.884497, -0.0520772, -0.463631, 0, 0.875396, 0)

[node name="Camera3D" type="Camera3D" parent="beacon_tent"]
transform = Transform3D(-0.824426, 0.19315, -0.531991, 0, 0.939964, 0.341273, 0.565969, 0.281354, -0.774931, -1.76813, 1.51239, -1.83289)
fov = 100.0

[node name="beacon_backpack" parent="." instance=ExtResource("18_vfold")]
transform = Transform3D(-0.959658, 0, -0.281169, 0, 1, 0, 0.281169, 0, -0.959658, 26.4785, 0.0786873, -4.47053)

[node name="model" parent="beacon_backpack" instance=ExtResource("18_ss4b2")]
transform = Transform3D(-0.414799, 0.433584, -0.799966, 0.427578, 0.868935, 0.249259, 0.803194, -0.238656, -0.545824, 0.374897, -0.184463, -0.159483)

[node name="Camera3D" type="Camera3D" parent="beacon_backpack"]
transform = Transform3D(0.687342, 0.0532509, -0.724379, 0, 0.997309, 0.0733147, 0.726334, -0.0503923, 0.685493, -0.495697, -0.00464398, 0.107081)
fov = 54.2

[node name="beacon_bird" parent="." instance=ExtResource("18_vfold")]
transform = Transform3D(0.0420326, 0, 0.999116, 0, 1, 0, -0.999116, 0, 0.0420326, 28.9628, -0.201542, 4.77165)

[node name="model" parent="beacon_bird" instance=ExtResource("28_fhw5o")]
transform = Transform3D(-0.865982, -0.077022, -0.494109, 0, 0.988068, -0.154021, 0.500076, -0.133379, -0.855649, 0.0512191, 0.115395, -0.0327324)

[node name="Camera3D" type="Camera3D" parent="beacon_bird"]
transform = Transform3D(0.420104, -0.133419, 0.897615, 0, 0.989133, 0.147023, -0.907475, -0.0617648, 0.415538, 0.31445, 0.0635105, -0.0392151)
fov = 45.0

[node name="beacon_nahuelito" parent="." instance=ExtResource("18_vfold")]
transform = Transform3D(1, 0, 0, 0, 1, 0, 0, 0, 1, 23.3078, -1.45448, 9.621)

[node name="model" parent="beacon_nahuelito" instance=ExtResource("26_u5w0m")]
transform = Transform3D(-0.485359, 0, -0.874315, 0, 1, 0, 0.874315, 0, -0.485359, 0.188643, 1.11815, -0.264167)

[node name="Camera3D" type="Camera3D" parent="beacon_nahuelito"]
transform = Transform3D(-0.815477, 0.199278, 0.543401, 0.020301, 0.948129, -0.317236, -0.578433, -0.247667, -0.777224, 0.356396, 1.18732, -1.42676)
fov = 60.0

[node name="vision_sfx" type="AudioStreamPlayer" parent="."]
stream = ExtResource("31_r732y")
volume_db = -10.0
pitch_scale = 0.5

[node name="spawn1" type="Marker3D" parent="."]
transform = Transform3D(1, 0, 0, 0, 1, 0, 0, 0, 1, -44.058, 0.6, -2.24305)

[node name="despawn1" type="Marker3D" parent="."]
transform = Transform3D(1, 0, 0, 0, 1, 0, 0, 0, 1, -42.8055, 0.6, -3.72983)

[node name="spawn2" type="Marker3D" parent="."]
transform = Transform3D(1, 0, 0, 0, 1, 0, 0, 0, 1, -9.79793, 0, 13.5721)

[node name="despawn2" type="Marker3D" parent="."]
transform = Transform3D(1, 0, 0, 0, 1, 0, 0, 0, 1, -9.01738, 0, 16.0724)

[node name="spawn3" type="Marker3D" parent="."]
transform = Transform3D(1, 0, 0, 0, 1, 0, 0, 0, 1, 12.2459, 0, -0.33457)

[node name="despawn3" type="Marker3D" parent="."]
transform = Transform3D(1, 0, 0, 0, 1, 0, 0, 0, 1, 11.5827, 0, -2.6196)

[node name="spawn4" type="Marker3D" parent="."]
transform = Transform3D(1, 0, 0, 0, 1, 0, 0, 0, 1, 26.0799, 0, -18.7799)

[node name="despawn4" type="Marker3D" parent="."]
transform = Transform3D(1, 0, 0, 0, 1, 0, 0, 0, 1, 29.0519, 0, -18.6716)

[node name="spawn5" type="Marker3D" parent="."]
transform = Transform3D(1, 0, 0, 0, 1, 0, 0, 0, 1, 36.7647, 0, 15.074)

[node name="despawn5" type="Marker3D" parent="."]
transform = Transform3D(1, 0, 0, 0, 1, 0, 0, 0, 1, 39.3193, 0, 16.0283)

[node name="UI" type="CanvasLayer" parent="."]
script = ExtResource("33_hfr1v")

[node name="DebugMap" type="Sprite2D" parent="UI" node_paths=PackedStringArray("player")]
visible = false
position = Vector2(157, 94)
scale = Vector2(0.325, 0.325)
texture = ExtResource("3_vfold")
script = ExtResource("33_mf35j")
player = NodePath("../../player")

[node name="Control" type="Control" parent="UI"]
layout_mode = 3
anchors_preset = 15
anchor_right = 1.0
anchor_bottom = 1.0
grow_horizontal = 2
grow_vertical = 2
mouse_filter = 2

[node name="title" type="Label" parent="UI/Control"]
layout_mode = 1
anchors_preset = 8
anchor_left = 0.5
anchor_top = 0.5
anchor_right = 0.5
anchor_bottom = 0.5
offset_left = -77.5
offset_top = 107.0
offset_right = 77.5
offset_bottom = 156.0
grow_horizontal = 2
grow_vertical = 2
size_flags_horizontal = 4
text = "La Luz"
label_settings = SubResource("LabelSettings_hfr1v")
horizontal_alignment = 1
vertical_alignment = 1

[node name="credits_design" type="Label" parent="UI/Control"]
layout_mode = 1
anchors_preset = 8
anchor_left = 0.5
anchor_top = 0.5
anchor_right = 0.5
anchor_bottom = 0.5
offset_left = -188.0
offset_top = 89.0
offset_right = 188.0
offset_bottom = 166.0
grow_horizontal = 2
grow_vertical = 2
size_flags_horizontal = 4
text = "Diseño:
Fernanda Di Zoccolo"
label_settings = SubResource("LabelSettings_7lsmv")
horizontal_alignment = 1
vertical_alignment = 1

[node name="credits_code" type="Label" parent="UI/Control"]
layout_mode = 1
anchors_preset = 8
anchor_left = 0.5
anchor_top = 0.5
anchor_right = 0.5
anchor_bottom = 0.5
offset_left = -188.0
offset_top = 89.0
offset_right = 188.0
offset_bottom = 166.0
grow_horizontal = 2
grow_vertical = 2
size_flags_horizontal = 4
text = "Programación:
Lisandro Lorea"
label_settings = SubResource("LabelSettings_7lsmv")
horizontal_alignment = 1
vertical_alignment = 1

[node name="fade" type="ColorRect" parent="UI/Control"]
layout_mode = 1
anchors_preset = 15
anchor_right = 1.0
anchor_bottom = 1.0
grow_horizontal = 2
grow_vertical = 2
mouse_filter = 2
color = Color(0, 0, 0, 0)

[node name="end_ui" parent="UI/Control" instance=ExtResource("36_7lsmv")]
visible = false
layout_mode = 1

[node name="title_trigger" type="Area3D" parent="."]
transform = Transform3D(1, 0, 0, 0, 1, 0, 0, 0, 1, -45.9235, 0, 1.83873)
collision_layer = 0
collision_mask = 8
monitorable = false

[node name="CollisionShape3D" type="CollisionShape3D" parent="title_trigger"]
shape = SubResource("SphereShape3D_t51ir")

[node name="credit_code_trigger" type="Area3D" parent="."]
transform = Transform3D(1, 0, 0, 0, 1, 0, 0, 0, 1, -40.4834, 0, 9.67785)
collision_layer = 0
collision_mask = 8
monitorable = false

[node name="CollisionShape3D" type="CollisionShape3D" parent="credit_code_trigger"]
shape = SubResource("SphereShape3D_t51ir")

[node name="credit_design_trigger" type="Area3D" parent="."]
transform = Transform3D(1, 0, 0, 0, 1, 0, 0, 0, 1, -41.9539, 0, 18.0714)
collision_layer = 0
collision_mask = 8
monitorable = false

[node name="CollisionShape3D" type="CollisionShape3D" parent="credit_design_trigger"]
shape = SubResource("SphereShape3D_t51ir")

[node name="end_trigger" type="Area3D" parent="."]
transform = Transform3D(1, 0, 0, 0, 1, 0, 0, 0, 1, 41.6376, 0, 19.0928)
collision_layer = 0
collision_mask = 8
monitorable = false

[node name="CollisionShape3D" type="CollisionShape3D" parent="end_trigger"]
shape = SubResource("SphereShape3D_t51ir")

[node name="end_camera" type="Camera3D" parent="."]
transform = Transform3D(0.991317, 0.0245006, 0.129192, -0.0739276, 0.916356, 0.39348, -0.108745, -0.399614, 0.910211, -44.7637, 1.54869, 23.1549)
fov = 78.8

[node name="anims" type="AnimationPlayer" parent="."]
libraries = {
&"": SubResource("AnimationLibrary_d6d7a")
}

[connection signal="state_changed" from="fire" to="." method="_on_fire_state_changed"]
[connection signal="target_reached" from="fire" to="." method="_on_fire_target_reached"]
[connection signal="body_entered" from="title_trigger" to="UI" method="_on_title_trigger_body_entered"]
[connection signal="body_entered" from="credit_code_trigger" to="UI" method="_on_credit_code_trigger_body_entered"]
[connection signal="body_entered" from="credit_design_trigger" to="UI" method="_on_credit_design_trigger_body_entered"]
[connection signal="body_entered" from="end_trigger" to="." method="_on_end_trigger_body_entered"]
